0.000000e+00 0.000000e+00
5.000000e-04 0.000000e+00
1.000000e-03 0.000000e+00
1.500000e-03 1.000000e-03
2.000000e-03 5.000000e-03
2.500000e-03 1.500000e-02
3.000000e-03 3.500000e-02
3.500000e-03 7.000000e-02
4.000000e-03 1.200000e-01
4.500000e-03 1.800000e-01
5.000000e-03 2.500000e-01
5.500000e-03 3.200000e-01
6.000000e-03 3.800000e-01
6.500000e-03 4.300000e-01
7.000000e-03 4.700000e-01
7.500000e-03 4.900000e-01
8.000000e-03 5.000000e-01
8.500000e-03 4.950000e-01
9.000000e-03 4.850000e-01
9.500000e-03 4.700000e-01
1.000000e-02 4.500000e-01
1.100000e-02 4.100000e-01
1.200000e-02 3.650000e-01
1.300000e-02 3.200000e-01
1.400000e-02 2.750000e-01
1.500000e-02 2.350000e-01
1.600000e-02 1.980000e-01
1.700000e-02 1.650000e-01
1.800000e-02 1.360000e-01
1.900000e-02 1.110000e-01
2.000000e-02 8.900000e-02
2.200000e-02 5.800000e-02
2.400000e-02 3.500000e-02
2.600000e-02 1.800000e-02
2.800000e-02 5.000000e-03
3.000000e-02 -5.000000e-03
3.200000e-02 -1.200000e-02
3.400000e-02 -1.700000e-02
3.600000e-02 -2.000000e-02
3.800000e-02 -2.200000e-02
4.000000e-02 -2.300000e-02
4.500000e-02 -2.400000e-02
5.000000e-02 -2.300000e-02
5.500000e-02 -2.100000e-02
6.000000e-02 -1.900000e-02
7.000000e-02 -1.500000e-02
8.000000e-02 -1.100000e-02
9.000000e-02 -8.000000e-03
1.000000e-01 -5.500000e-03
1.200000e-01 -2.500000e-03
1.400000e-01 -1.000000e-03
1.600000e-01 -3.000000e-04
1.800000e-01 0.000000e+00
2.000000e-01 0.000000e+00